2.1 
2.2 
2.3 
2.4 
1.11 G
1.12 G
1.13 G
1.15 G
1.16 G
1.18 G
2.5 
2.6 
2.9 
2.10 
2.2 G
2.6 G
2.11 
2.12 
2.13 
2.14 
2.16 
3.1 
3.2 
2.31 G
3.4 
3.5 
3.6 
3.3 
3.11
3.10 
3.11 
3.14 
3.15 
3.33 G 
3.34 G
3.36 G
3.47 G
4.1 
4.2 
4.3 
4.4 
4.5 
4.6 
4.7 
4.8 
4.9 
4.16 
4.12 
5.1 
5.2 
5.3 
5.4 
5.5 
5.6 
5.57 G
5.58 G
5.7 
5.8 
5.9 
5.10 
5.12 
6.1 
6.4 
6.3 
7.3 G
7.9 G
7.1 
7.2 
7.3 
7.4 
7.7 
7.9 
7.8 G
7.11 
7.16 
7.17 
7.23 
7.21 
7.14 G	
7.12 
7.13 
7.27 
7.28 
7.30 
7.33 
7.22 
7.34 G
7.44a-c G
9.1 
9.2 
9.3 
9.4 
9.5 
9.6 
9.8 
9.10 
9.11 
9.20
9.15 
9.17 
11.17
11.18
11.19
11.20
11.21
11.22
11.23
