239.5
244
267.5
285
295
290
290
282.5
282.5
282.5
280
265
267.5
270
282.5
277.5
270
262.5
265
275
275
277.5
290
295
285
285
275
270
265
240
215
220
211
215
192.5
207.5
199
195
202
200.5
191
182
185
204.5
209.5
200
189.5
199
186.5
190
194.5
201.5
205
213.5
207.5
215
221.5
220
216
217.5
237.5
225.5
214
211
226
221.5
230
252.5
237
227
233.5
239.5
239.5
252.5
255
255
267.5
262.5
255
275
280
285
290
292.5
285
280
300
297.5
310
302.5
295
290
297.5
295
305
330
327.5
322.5
317.5
325
315
297.5
290
297.5
292.5
280
270
280
285
292.5
285
300
307.5
302.5
290
282.5
275
277.5
260
262.5
255
265
255
249.5
246
243.5
255
243
233.5
226
223
234
235
234
227.5
223
227.5
225.5
237.5
236
237
230
221
217.5
210
217.5
221
217.5
226
224
230
228.5
235
252.5
246
246.5
257.5
257.5
252.5
238
233.5
229
231.5
236
231
221.5
225
235
229.5
225
224.5
224.5
220
215
212.5
216.5
205.5
203.5
202.5
195
197.5
200.5
207.5
210.5
197.5
186.5
141.5
137
123
134
135
131.5
133
133.5
123.5
120
123
131.5
122.5
120
124.5
133
130
137.5
132.5
123.5
122.5
124.5
122
121
119
113.5
115
113.5
110
113
108.5
103.5
104.5
100
92
93
98
93.5
93
91.5
84.5
77.5
79.5
75
74.5
77.5
81.5
82
81.5
85.5
93.5
91.5
88.5
87.5
81.5
83
76
75
81.5
80.5
66
67.5
62
57.5
56
45
50
52
54.5
57
52.5
44.25
44.75
46.25
51
37.75
38.75
41
38
35.5
33.25
33.5
36.25
42
50
42.75
39.75
38.75
38.25
40.5
42.5
39.5
38.75
37.75
36.5
39.75
37.5
36
38.75
37
35
32.5
30
29.25
28.25
28.75
26.5
25.75
25
25.25
24.4
20.7
22
25.25
25.75
26
25.5
25.5
25.25
26.75
29.75
28.75
31.5
29.75
33.25
36
38.5
38.5
36.5
40
42
46
44.75
46.75
47.5
47
53
53.5
51.5
48.5
49.5
48.25
53
53
56
54.5
57.5
54.5
56.5
59
60
59
55
58
57.5
56.5
56
52.5
50
52.5
52
53
53
52.5
50
52
52
49
46.75
44.75
46.75
46.5
43
43
48.5
49.5
48.75
46.5
47.25
49.5
49
54
52.5
51.5
50
48
47
47.25
47.5
46
42.75
42
42.75
46
46
41.5
37
39
40.75
41.75
40.5
41.75
41
40
40
42.5
41.5
41.5
40.25
39.25
38
36.5
36
35.75
36.75
37
35
34.5
34
33.5
32.75
29
30
33
36.5
39.75
39.25
40
37.5
40
38.5
39.5
39.5
38.5
38
35.5
35.75
36
36.5
37.5
41
39.5
39.75
38.5
36.25
36.5
36.75
38.5
38.5
37.5
38.75
38.5
37.5
39.25
44.75
45
45.5
47.25
46.25
45
42
43.5
43
43.5
44.75
44.25
46.25
44.25
42.75
43.25
43.75
44.25
45
43.25
45.25
45.25
46.25
44.25
45
44.25
46.5
48.75
50.5
51
50
51
51
52.5
51.5
50
48.5
49
48.25
49
49.5
48.5
48.75
49.75
49.5
51.5
52.5
52.5
51
50.5
52
54
54
51
57.5
58.5
57
58.5
60
60.5
63.5
62
63
66
65
64.5
67
64.5
65
66.5
65.5
66
67.5
68.5
67.5
69
72
72
74
74
72.5
71.5
73
74
74.5
74.5
75
76.5
77.5
79
81.5
81
77.5
76
78
75
75
75.5
75
74
70.5
69.5
67.5
64.5
66.5
67
64
65.5
67
70
71
72.5
73.5
75
74.5
79.5
79
80
77.5
78.5
80
78.5
75.5
75.5
74.5
77
76.5
78
78.5
77
75
75
73
74.5
73.5
73.5
70.5
71.5
72.5
73.5
71
70.5
69.5
71
69.5
71.5
70
70
70
70
69.5
70.5
70
71.5
70
68
68
67.5
68.5
68
68.5
66
65
66.5
68
67.5
68
70
69.5
72
71
70
78.5
82.5
85
86
85
85
90
94.5
91.5
89.5
88.5
88.5
89
90
89.5
86.5
91
91
90
90.5
93
105
109
116
117.5
114.5
111
113.5
113.5
114
113.5
111
112.5
109.5
111
112.5
116.5
117
117.5
122.5
122
122
123.5
118.5
115.5
110
112
111
110
112.5
110.5
110.5
102.5
105.5
104
106.5
108.5
112.5
112.5
112
120
121.5
124
124
126
125
125
121.5
122.5
122.5
123.5
129
127
130.5
122
117
118
114
113.5
111.5
114.5
113
117
115
114
109
109.5
106.5
108.5
107.5
104
105.5
110
107
110.5
108
110
112
112
110.5
111.5
111
112.5
117.5
117.5
117
116
116.5
113.5
114
115.5
114.5
112.5
111.5
111
116
120
120
119
120
120.5
117.5
116.5
116
116
114.5
113.5
110
111
113.5
107
110
108
109
116
111.5
112
108
110
111
112.5
111.5
110.5
110.5
108
111
106
104
106.5
101.5
98.5
101
102
106.5
107
106.5
106
111
110
110
111.5
112
113
110.5
112.5
112.5
111
111
110
103.5
103
106.5
112
111
109.5
111.5
112.5
112
112
114.5
115.5
115
113
112.5
116.5
114.5
117.5
118.5
119
119
119.5
118
115.5
116
119
116
118
117.5
120.5
117
116
109
104
105
109
109
108
107.5
111.5
113
111
112.5
113
112
111
111.5
115
116
114.5
116
116.5
115.5
113.5
116
115.5
116
114
115
114
115.5
117
115.5
115
115.5
114.5
111.5
113
112.5
112
110
112
110
111
110.5
111
108
109.5
108.5
109
108.5
109
111.5
109.5
107.5
110
108
104
103
107
108.5
107.5
106
103.5
103.5
101
102.5
104
106
103.5
105
107
106.5
105
104.5
108
107
111.5
103
103.5
104
104.5
103.5
102
101
101
101.5
100.5
100
103
102.5
103
105
104
105
104.5
103
104.5
102.5
105
102
103.5
100.5
100.5
101.5
100
101
102
101.5
101
100.5
101
101.5
99.5
101
100
101.5
103
103.5
102.5
104.5
105.5
102.5
102
100.5
101
105
108.5
108.5
107
106.5
105
105.5
105.5
105.5
105.5
109.5
110.5
109.5
109
112
112.5
112.5
113
114.5
115
116
116
116
115
116.5
115.5
116
117.5
118
118
117.5
118
118.5
118.5
120
119.5
121
120.5
120.5
121
123.5
125
126.5
130
126.5
126
128
126.5
126.5
129.5
129
129.5
126.5
129.5
132
132
133.5
134
132.5
132
132.5
130
134.5
133
132.5
132.5
133.5
134
134
131.5
133.5
133
131.5
131
131
131
136.5
136
136
137.5
137
134
134
134.5
133.5
132.5
131
129
129
130
128.5
131
130.5
130
130.5
132
131
133
136
137
136.5
136
135.5
137
137
138
136
135.5
135
138
138
141
141
140.5
143
143.5
141
139
139
140
139
137
136
137
136.5
135
132.5
132
130.5
131
132
130
127
127.5
130
130
130.5
134
135
133.5
133
133
133.5
134
133.5
133.5
135
134.5
136.5
136.5
134
133
133.5
133.5
134
133.5
133
134.5
135.5
134.5
139.5
140
140
139.5
138
137.5
136.5
135.5
138
137.5
135.5
137.5
137.5
137.5
138
137
137.5
137.5
138
139
139.5
139.5
142.5
142.5
142.5
139
137
137
135.5
133
134.5
132
132
129.5
130.5
133
135.5
137
137.5
138.5
138.5
137.5
137
135
133
133
133
134
136.5
137.5
139
137
138
137.5
137.5
136.5
137.5
138
135.5
136
137
137
137.5
137.5
136.5
135.5
134.5
135.5
135.5
138
141
142
148
149
152
152
152
149
148.5
150
152
147.5
148
146
146.5
145.5
145
145.5
141.5
145.5
147
146
143.5
143.5
134
131.5
133.5
135
132
131.5
130
129.5
130
132
132
131
125
127.5
123
121.5
123.5
118.5
116
113.5
112.5
116.5
115
119
120
116
116
117
117.5
114.5
114
107.5
109.5
109.5
107
110.5
115.5
113.5
114.5
116.5
118
117.5
115.5
113.5
114
115.5
119
119
119
118
119.5
117
117
113
111.5
111
107
108.5
110
116
115.5
114.5
114.5
112
113.5
114.5
115
113.5
111
112.5
112
110.5
109
108.5
108.5
106.5
106.5
109
113
115
117
116.5
114.5
115.5
114
114.5
115.5
116.5
117
121.5
120
120.5
122
121.5
120.5
119
119.5
120
122.5
124
123.5
124.5
124
123.5
126.5
126
126.5
125
127
127.75
127
127.25
126.5
125.5
126.5
128
128.75
130.25
130.75
137.5
138
137
135.75
133.5
133
135.5
137.5
138.75
138
138.25
137.75
136.25
135.5
137
137.25
136.75
135.25
137.25
138.75
138.5
139.75
137.75
138
137.5
140
140
138
141
140.75
140
140.5
138.75
134.75
133.5
135
132.5
130.5
133.75
135
134
136.5
135
137
139
138
139
138.5
138.75
138
139.75
138.25
138.75
138.5
138.25
138
140.5
142.75
143.25
142.5
141.75
141
142
142.5
142.5
146.75
146.75
145.25
144
142.75
142
140.75
142.25
143.25
142.75
140
139.5
137.75
137.25
129.5
132.25
130.75
131.75
129.75
129.25
126.25
126.75
129.75
129.5
128
130.25
128.75
128.75
128.5
129.75
130.25
127.25
125
123
124
123
121.25
120.5
123.25
122.5
125
123.25
121.75
123.25
123
125.75
127
128.5
132.75
132
129.5
129
126
128.75
129.25
127
128.75
129
129.5
132
132
130.25
130.5
133.25
132.5
133
134
130.5
129.75
131.25
132.25
129.5
128.75
129.75
129.25
128.5
130.5
131.5
129.5
128.25
127.5
127.5
130.5
130
130
130
130.25
129.75
131.25
130.5
130.75
131.25
131.25
130.25
130.75
131.5
130.5
132
127.3
127.7
129.7
127.5
129.1
130.5
132.5
138.4
137.5
137.5
135.6
133.4
134.5
134
137.4
136.6
137
140
139
139.2
138.7
140.9
139.2
138.1
141.4
139.9
139
137.5
136.8
138.5
131.5
131.2
129.2
128
126
126.3
129.1
127.1
125.2
128.4
127.9
124.5
125.3
128.5
127.5
123.7
124.8
124.5
123.1
118.8
121
122.5
123.4
124.7
125.5
125.9
123.7
121.6
122.8
125
127.2
127.4
128.5
125.7
124.3
121.8
122
128
131
131.3
130.9
128.4
130.5
134
128.5
127
125.7
126.9
126.4
129
127.8
126.7
128.5
131.3
129.5
132.5
131.5
130
130.2
131.5
131.9
131.4
100.5
99
95.4
95.6
93.3
95.3
96.4
95.1
96.5
95.7
94.1
95.3
94.1
93
95
95.7
95
94.7
92
91.8
92.6
93.6
93.4
91.8
90
80
73.2
74.7
73.9
74.65
74.8
77.1
79.7
78.3
80.1
77.1
80
79.5
79.3
81.2
82
82.6
81.3
81.3
76.6
75
75.1
74.85
77.7
76.8
76.8
74.4
74.8
71.65
70
71.6
70.1
71.65
73.2
75.9
75.2
75.8
77.6
75.4
71.05
72
68.9
69.1
72.2
73.2
72.65
72.15
72.25
70.7
68.9
67.2
66.25
63.3
66
66.25
69.65
70.6
70.4
70.25
70.85
71.4
69.45
69.1
67.8
67.9
68.55
69.4
68.25
67.5
65.2
62.6
65
62.1
61.4
60.75
60.55
61.5
61.45
60.75
57.4
58
53.55
55.4
57
58.05
59.7
57.8
59.95
63
63.45
63.5
61.5
62.65
62.5
63.5
61.5
61.4
60.5
61.1
61.65
59.3
60.65
59.5
60.6
62.1
63.3
73.25
73.5
74.55
76.5
74.1
72.8
73.4
76
76.8
77.7
76.1
77.9
78.6
82
82.1
83.5
81.5
79
81.7
80
80.4
79.9
81.2
82.5
82.1
80
83
79.7
77.9
73.7
73.2
73.6
72
71.8
73.3
75
72.7
74.5
69
68.6
67.9
66.3
61.3
63.5
63.2
64.9
64.2
63.9
65
63.5
66
67.3
64.5
63.7
64.4
66.5
69.9
72.2
74.8
66.7
65.6
64.5
66
65.6
64.5
63.7
63.4
64
64.2
67.5
67.3
65.6
66.5
70.9
72.6
71.5
70.1
69
69
65.6
65.6
67
69.8
70.1
71.5
72.7
73.2
72.9
72.9
73.7
73.7
70.2
66.1
68.6
70.4
71.2
69.4
71.5
69.2
67.8
67
64.4
67.4
67.3
66
66.1
68.8
67.2
64.1
64.1
60
58
57.5
53.5
52.3
47.2
45.4
44
47.3
49
46.4
46.8
50
57.4
53.9
50.2
52.5
50.1
50.7
51.3
53.1
54.2
53.5
55.3
60.3
60.2
52.8
54.2
55
50.9
51.6
52.8
51
51.7
52.2
49.4
49.9
47.1
52
53.5
55.5
57.8
56.7
53.2
56
59.2
58.7
57.9
62.5
63.4
65.4
61.6
59.2
59.3
59.4
58.9
60.5
60.4
59.7
58.5
56.8
59.3
61.7
63.4
63.9
63.3
62.5
60.3
59.6
57.5
57.2
59.4
58.3
55.7
62
62.4
63.5
66.5
64.8
66.9
65
66.2
65.2
66.6
69.5
67.7
69.9
72.5
69.6
69
71
72.7
76
72
73.3
75.9
74.7
70
69.9
70.3
72.9
74.6
71.3
69.6
71.1
70.4
71.2
72
72.4
74.2
76.5
73.8
76.4
77.5
76
75
68.3
67.5
66
68.1
68
66.3
63.6
67
70.2
71.8
70.8
73.3
72.7
73
74.1
76.8
73.9
76
78.6
75.3
77.5
76.6
76.6
76.1
75.7
74
77
70.4
69.3
68.6
69.6
67.5
67
66
67.2
64.8
66.7
66.5
67.9
68.6
67.5
65.5
65.9
68.4
68.9
68.5
70.2
71.5
71.4
69.3
68.5
69.5
69
70.2
71.3
73.5
72.6
71.5
73.1
74
74.4
73.4
74
76
74.4
74.7
75.4
75.3
78.6
75.8
74.4
74
74.1
74.1
72.2
73
72.9
73.3
75.7
75.5
77.6
76
77.2
77.1
76.9
71.5
69.1
68.8
69.2
69.9
70.4
70.1
69.8
68.5
67.8
69.8
69.1
67.8
67.9
68.2
66.9
66.5
67.4
66.5
67.9
68.2
67.2
66.9