140.200000000000
147.200000000000
145.700000000000
145.800000000000
145
140.200000000000
142.600000000000
142.700000000000
144.600000000000
146.300000000000
144.300000000000
137.600000000000
138.400000000000
140.800000000000
140.600000000000
138.100000000000
134.800000000000
135.200000000000
135.200000000000
138.600000000000
139.900000000000
136.300000000000
144.700000000000
157.200000000000
158.300000000000
159.700000000000
153.100000000000
154.800000000000
151.700000000000
150.400000000000
151.900000000000
150
148.800000000000
151.200000000000
148.300000000000
147
143.600000000000
144
146
141.700000000000
146.300000000000
140.200000000000
141.300000000000
141.700000000000
143
139.600000000000
142.700000000000
144.300000000000
141.800000000000
134.300000000000
140
139.400000000000
138.600000000000
135.400000000000
135.600000000000
141.700000000000
135.100000000000
143.100000000000
153.300000000000
158.400000000000
156.100000000000
157.300000000000
150.100000000000
149.300000000000
147.400000000000
148
146.600000000000
147.400000000000
141.900000000000
146.100000000000
146.200000000000
147.800000000000
145.900000000000
143.600000000000
146.200000000000
145.600000000000
144.200000000000
144.200000000000
143.400000000000
143.900000000000
142.300000000000
142.400000000000
143.700000000000
136.300000000000
140.200000000000
139.200000000000
140.600000000000
139.300000000000
139
139.900000000000
140
135
137.800000000000
141.700000000000
143.600000000000
146.400000000000
142.800000000000
140.600000000000
145.300000000000
143.700000000000
144.300000000000
139.300000000000
143.100000000000
145.100000000000
144.400000000000
144.300000000000
144.100000000000
142.100000000000
141.400000000000
140.700000000000
139.700000000000
140.200000000000
144.700000000000
145
142.700000000000
141.400000000000
137.300000000000
142
141.200000000000
142.700000000000
142.100000000000
137.100000000000
137.800000000000
140.300000000000
134
133.900000000000
136.400000000000
136.400000000000
141.900000000000
149.300000000000
158.600000000000
158.300000000000
161.200000000000
163.600000000000
158.800000000000
155.700000000000
154.700000000000
150.300000000000
149
150.900000000000
151.800000000000
149.100000000000
147.400000000000
150
148.100000000000
147.800000000000
144.900000000000
146.100000000000
143.800000000000
145.900000000000
147.300000000000
142.100000000000
142.300000000000
144.300000000000
145.300000000000
144.800000000000
140.900000000000
140.600000000000
140.800000000000
141.400000000000
142.200000000000
138
139.600000000000
147.800000000000
156.300000000000
162.400000000000
170.200000000000
166.400000000000
170.300000000000
162.300000000000
164.300000000000
165.300000000000
160.900000000000
153.800000000000
154
151.600000000000
148.100000000000
150.200000000000
150.200000000000
145.900000000000
148.200000000000
148.800000000000
145.900000000000
145
146
142.900000000000
146.300000000000
144.700000000000
145
145.900000000000
141.900000000000
143.600000000000
143.600000000000
143.200000000000
136.800000000000
136.800000000000
142.200000000000
137.900000000000
135.900000000000
135.900000000000
132.600000000000
138.300000000000
141.700000000000
140.800000000000
159.600000000000
156.300000000000
151.300000000000
148.200000000000
147.900000000000
149.700000000000
148.400000000000
149.200000000000
148.300000000000
145.800000000000
147.300000000000
146.600000000000
144.100000000000
145.300000000000
145.300000000000
144.600000000000
141.200000000000
143.700000000000
138.800000000000
142.200000000000
142.400000000000
140.300000000000
140.900000000000
143.800000000000
138.200000000000
139.400000000000
139.300000000000
135.400000000000
134.600000000000
136.800000000000
137.400000000000
146.200000000000
152.200000000000
158.400000000000
158.600000000000
168.700000000000
169.600000000000
159.200000000000
155.900000000000
163.700000000000
159.700000000000
159.800000000000
158
154.300000000000
153.700000000000
154.300000000000
151.800000000000
150.300000000000
151.700000000000
152.300000000000
151.200000000000
150.400000000000
147.200000000000
149.300000000000
149.300000000000
146.200000000000
147.900000000000
148.700000000000
146
144.300000000000
138.900000000000
143.100000000000
145
144.200000000000
141.600000000000
138.900000000000
139.900000000000
138.700000000000
140.200000000000
141
143.600000000000
154.100000000000
155.600000000000
156.100000000000
154.900000000000
156.400000000000
156.300000000000
155.800000000000
153.400000000000
152.700000000000
152.400000000000
150.300000000000
151.800000000000
149.400000000000
149.200000000000
150.300000000000
146.700000000000
147.300000000000
146.100000000000
146.600000000000
146.800000000000
146.800000000000
144.600000000000
145.200000000000
142.900000000000
144.100000000000
143.400000000000
144.200000000000
143.400000000000
140.900000000000
141.400000000000
138
143
140.800000000000
149.200000000000
161.100000000000
165
161.700000000000
156.100000000000
152.600000000000
151.600000000000
148.300000000000
147.200000000000
146.200000000000
146.600000000000
144.200000000000
147.700000000000
146.200000000000
146
146.400000000000
144.400000000000
143.700000000000
145.900000000000
144.800000000000
146.300000000000
142.800000000000
142.700000000000
143.400000000000
144.300000000000
144.900000000000
144.600000000000
143.400000000000
138.200000000000
134.400000000000
136.800000000000
142.400000000000
139.700000000000
137.600000000000
137.200000000000
135.800000000000
141.200000000000
142.400000000000
151.800000000000
153.300000000000
153.200000000000
153.200000000000
149.900000000000
151.900000000000
152.700000000000
149.300000000000
151
149.800000000000
150.900000000000
151.300000000000
150.200000000000
148.100000000000
148
149.400000000000
145.600000000000
147.900000000000
147.100000000000
146.200000000000
147.900000000000
141.600000000000
140.200000000000
145.900000000000
143
141.900000000000
143.900000000000
139.600000000000
142.400000000000
141.700000000000
140.200000000000
138
133.900000000000
140.900000000000
148.100000000000
153.800000000000
158
160.300000000000
166.600000000000
164.700000000000
159.600000000000
155.700000000000
160.400000000000
160.200000000000
153.300000000000
154.400000000000
150.700000000000
153.400000000000
154.900000000000
152.700000000000
150.700000000000
149.700000000000
151.800000000000
151.900000000000
147.100000000000
146
147
142.900000000000
144.800000000000
141.700000000000
142.800000000000
143.800000000000
143
145.400000000000
137.800000000000
143.300000000000
144.600000000000
142.800000000000
139.900000000000
140.700000000000
143
147
151.900000000000
159.200000000000
162.300000000000
160.900000000000
160.900000000000
157.600000000000
153.200000000000
156.400000000000
152.600000000000
152.600000000000
148.400000000000
147.200000000000
146.200000000000
150.300000000000
150
145.200000000000
147.600000000000
145.300000000000
149.100000000000
148.700000000000
146.900000000000
145
147.300000000000
138.300000000000
140
143.800000000000
141.700000000000
143.800000000000
141
140.200000000000
143.800000000000
140.100000000000
134
137.200000000000
147.800000000000
132.300000000000
159.900000000000
155
170.100000000000
159.103948848468
158.556003764161
158.042947020989
157.562091821406
157.110952668570
156.687229824780
156.288794931450
155.913677700699
155.560053595348
155.226232420274
154.910647753802
156.200000000000
153.200000000000
153.300000000000
151.700000000000
151.100000000000
149.800000000000
151
145.900000000000
146.100000000000
148.200000000000
146.100000000000
143.400000000000
139.600000000000
146.300000000000
142.400000000000
141.300000000000
139.800000000000
139.200000000000
142.600000000000
157.100000000000
160.700000000000
166.200000000000
167.800000000000
170.200000000000
167.800000000000
169
170.100000000000
167.700000000000
165.900000000000
162.200000000000
158.900000000000
157.700000000000
156.300000000000
156.400000000000
153.400000000000
151.700000000000
155.400000000000
152.100000000000
151.700000000000
150.900000000000
149.900000000000
149.700000000000
146.400000000000
145.100000000000
148.200000000000
148.100000000000
140.100000000000
144
141.300000000000
142.900000000000
141.800000000000
141.700000000000
141.700000000000
138.800000000000
140
139.800000000000
148.300000000000
150.300000000000
154.600000000000
158.200000000000
156.700000000000
158.900000000000
157.300000000000
157.700000000000
153.900000000000
150.800000000000
150.800000000000
147.800000000000
147.600000000000
149.300000000000
149.100000000000
147.600000000000
148
143.800000000000
148.100000000000
145.600000000000
145.800000000000
143.300000000000
143.100000000000
141.200000000000
139.800000000000
140.700000000000
139.100000000000
143.900000000000
141.900000000000
142.400000000000
139.900000000000
137.400000000000
137.600000000000
138.400000000000
136
140.200000000000
146.700000000000
152.400000000000
158.600000000000
168.100000000000
168.300000000000
165.400000000000
164.100000000000
162.200000000000
156.200000000000
150.400000000000
151.600000000000
151.600000000000
150.600000000000
151.400000000000
150.700000000000
149.700000000000
148.100000000000
150.600000000000
148.400000000000
149.700000000000
146
146
148.800000000000
143.200000000000
142.600000000000
145.800000000000
144.800000000000
143.100000000000
143.100000000000
146.100000000000
143.300000000000
139.600000000000
138.800000000000
138.400000000000
138.700000000000
136.800000000000
141.900000000000
146.200000000000
156.100000000000
158.400000000000
160.900000000000
171.100000000000
172
169.800000000000
168
165.300000000000
161.100000000000
160.600000000000
157.100000000000
157.800000000000
153.200000000000
154.400000000000
153.100000000000
153.100000000000
151.100000000000
147.400000000000
150
145.800000000000
152.400000000000
149
149.100000000000
145.400000000000
147.200000000000
144.400000000000
142.800000000000
143.600000000000
140.900000000000
142.800000000000
140.900000000000
139.100000000000
138.700000000000
142.200000000000
143.400000000000
146.700000000000
161.300000000000
167.800000000000
177.100000000000
169.300000000000
179
173.900000000000
170.300000000000
173.100000000000
167.200000000000
167.900000000000
161.900000000000
159.200000000000
162.400000000000
157.300000000000
