0
0
0
2.56912564211546e-10
0
0
0
0
0
5.44323927765829e-11
0
6.60247448813910e-11
0
0
5.73333333335284
11.4666666666705
17.2000000000000
89.1999999999746
161.200000000035
233.200000000000
228.600000000068
224.000000000000
219.400000000000
172.499999999997
125.600000000026
78.7000000000000
54.4999999999133
30.2999999999648
6.10000000000000
4.06666666665507
2.03333333330926
0
4.36717352362682e-11
3.54134993150337e-11
0
2.68202880761610e-12
7.70711577043618e-12
0
0
0
0
0
0
0
1.69395115004884e-11
1.90844985066781e-11
0
8.39390198404814e-12
0
0
28.8333333333275
57.6666666666665
86.5000000000000
140.633333333337
194.766666666674
248.900000000000
294.766666666659
340.633333333320
386.500000000000
260.866666666673
135.233333333344
9.60000000000000
6.46666666668676
3.33333333332997
0.200000000000000
0.133333333309561
0.0666666666534648
0
4.42878281764224e-12
4.71858887415221e-12
0
0
1.97473686338564e-12
0
6.97031327109883e-12
4.87115598497881e-12
0
0
0
0
0.666666666669016
1.33333333333585
2
1.76666666664937
1.53333333331590
1.30000000000000
21.5000000000217
41.7000000000204
61.9000000000000
94.7999999999902
127.699999999992
160.600000000000
202.099999999997
243.600000000007
285.100000000000
213.666666666677
142.233333333333
70.8000000000000
48.5666666666678
26.3333333333305
4.10000000000000
2.73333333333073
1.36666666666575
0
0
0
0
8.58091530801121e-15
3.50695942004919e-12
0
1.00131069478263e-12
0
0
0
4.44172179569275e-12
0
4.96666666667570
9.93333333333459
14.9000000000000
25.3666666666586
35.8333333333295
46.3000000000000
48.6000000000012
50.9000000000019
53.2000000000000
146.833333333330
240.466666666667
334.100000000000
276.200000000000
218.300000000000
160.400000000000
136.933333333332
113.466666666667
90
65.7000000000022
41.4000000000014
17.1000000000000
11.3999999999987
5.69999999999880
0
4.33833077270103e-12
3.79491349288544e-12
0
0
1.16339926843880e-11
0
1.56525348139577e-12
1.28288935396288e-12
0
0
0
0
6.66666666666593
13.3333333333337
20
14.0666666666694
8.13333333333526
2.20000000000000
11.1666666666665
20.1333333333329
29.1000000000000
110.599999999997
192.100000000000
273.600000000000
304.866666666669
336.133333333329
367.400000000000
259.800000000000
152.200000000001
44.6000000000000
29.7333333333342
14.8666666666645
0
0
4.39041200908686e-13
0
3.35721690283631e-12
1.41191577018569e-12
0
1.77711724282807e-12
3.04458816253078e-12
0
0
0
0
0.100000000002024
0.200000000009776
0.300000000000000
0.199999999997205
0.0999999999986253
0
1.01031770840001e-12
1.14906285011736e-12
0
39.5666666666678
79.1333333333341
118.700000000000
111.099999999999
103.499999999996
95.9000000000000
119.766666666667
143.633333333335
167.500000000000
125.300000000033
83.1000000000029
40.9000000000000
31.1666666666667
21.4333333333294
11.7000000000000
7.79999999999651
3.89999999999759
0
3.43812687392303e-12
5.89720399541294e-12
0
0
0
0
2.29929257913090e-12
4.55858099436120e-12
0
0
0
0
0.0666666666695252
0.133333333337282
0.200000000000000
18.3999999999983
36.6000000000000
54.8000000000000
62.4333333333300
70.0666666666609
77.7000000000000
67.8000000000074
57.9000000000099
48
119.299999999993
190.599999999988
261.900000000000
188.100000000006
114.300000000010
40.5000000000000
33.2333333333290
25.9666666666575
18.7000000000000
12.4666666666686
6.23333333333510
0
5.69497287908070e-12
8.35854590166044e-12
0
0
0
0
5.64341276018321e-12
9.53774764174081e-12
0
1.03908339657723e-12
1.41946469105021e-12
0
3.93333333333224
7.86666666666589
11.8000000000000
7.86666666666605
3.93333333333146
0
11.0666666666677
22.1333333333326
33.2000000000000
51.6666666666682
70.1333333333351
88.6000000000000
136.066666666663
183.533333333334
231
164.200000000002
97.4000000000002
30.6000000000000
20.5000000000006
10.3999999999977
0.300000000000000
0.200000000000564
0.0999999999998054
0
1.28580807295788e-12
2.90769349285993e-13
0
0.466666666667017
0.933333333335007
1.40000000000000
1.06666666666441
0.733333333329799
0.400000000000000
60.3333333333350
120.266666666669
180.200000000000
206.633333333333
233.066666666666
259.500000000000
228.199999999988
196.899999999998
165.600000000000
134.233333333338
102.866666666671
71.5000000000000
47.7333333333264
23.9666666666586
0.200000000000000
1.20000000000294
2.20000000000602
3.20000000000000
2.13333333333572
1.06666666666737
0
0
0
0
3.34499883385772e-12
2.17291357562446e-12
0
1.15878122811846e-12
2.02195244383954e-12
0
0
0
0
0
0
0
0.299999999997571
0.600000000001587
0.900000000000000
1.66666666666886
2.43333333333580
3.20000000000000
6.89999999999463
10.5999999999917
14.3000000000000
20.4000000000045
26.5000000000076
32.6000000000000
59.6666666666662
86.7333333333325
113.800000000000
158.099999999996
202.399999999995
246.700000000000
201.433333333337
156.166666666671
110.900000000000
76.9999999999975
43.0999999999984
9.20000000000000
6.13333333333555
3.06666666667017
0
5.11125894975469e-14
0
0
1.54049752438877e-11
0
0
2.56906746553791e-13
2.57611163332616e-12
0
7.01428134874721e-13
0
0
0
0
0
4.46666666666904
8.93333333333459
13.4000000000000
10.8000000000003
8.20000000000252
5.60000000000000
58.9333333333306
112.266666666663
165.600000000000
155.600000000002
145.600000000000
135.600000000000
131.200000000002
126.800000000003
122.400000000000
87.1666666666639
51.9333333333313
16.7000000000000
11.1333333333340
5.56666666666759
0
0
0
0
1.09131049023020e-12
0
0
3.15599494332575e-12
1.06405529102190e-11
0
0
0
0
1.83333333333522
3.66666666666995
5.50000000000000
12.2666666666712
19.0333333333394
25.8000000000000
22.2666666666615
18.7333333333246
15.2000000000000
63.2000000000002
111.200000000001
159.200000000000
188.933333333335
218.666666666671
248.400000000000
183.700000000003
119.000000000004
54.3000000000000
38.1666666665838
22.0333333333281
5.90000000000000
3.93333333333591
1.96666666667065
0
0
0
0
0
0
0
9.80696623789521e-14
2.40705473057359e-12
0
2.29663985226424e-12
4.23296991008513e-12
0
0.0666666666625294
0.133333333325901
0.200000000000000
3.73333333333677
7.26666666667334
10.8000000000000
23.8333333333350
36.8666666666672
49.9000000000000
54.6333333333293
59.3666666666611
64.1000000000000
97.2999999999991
130.500000000002
163.700000000000
118.800000000003
73.9000000000023
29
27.5999999999982
26.1999999999991
24.8000000000000
16.5333333333338
8.26666666666966
0
0
0
0
3.35073502632714e-12
4.95652992356406e-12
0
0
0
0
3.40792314781540e-12
2.32623463196062e-12
0
0.899999999997977
1.79999999999734
2.70000000000000
4.39999999999646
6.09999999999928
7.80000000000000
13.0666666666691
18.3333333333369
23.6000000000000
42.2333333333346
60.8666666666658
79.5000000000000
80.5666666666686
81.6333333333331
82.7000000000000
60.2333333333284
37.7666666666640
15.3000000000000
10.9333333333357
6.56666666666716
2.20000000000000
1.46666666666823
0.733333333336527
0
1.61369119515088e-13
1.90682940593486e-13
0
0
0
0
4.77584876185745e-13
1.84585077986060e-12
0
0
0
0
5.62411053219424e-12
1.11179939913571e-12
0
4.19999999999304
8.39999999999633
12.6000000000000
20.1666666666708
27.7333333333374
35.3000000000000
71.2666666666717
107.233333333346
143.200000000000
155.199999999996
167.199999999997
179.200000000000
130.800000000000
82.4000000000003
34
22.6666666666681
11.3333333333333
0
0
0
0
1.27161579487544e-12
1.50409002419194e-12
0
5.34857404267229e-12
1.68146907071513e-12
0
0
0
0
0
0
0
1.48412114702666e-12
1.31071248290000e-12
0
0.133333333331198
0.266666666662917
0.400000000000000
0.566666666667422
0.733333333336964
0.900000000000000
50.4333333333342
99.9666666666666
149.500000000000
153.833333333329
158.166666666665
162.500000000000
120.533333333339
78.5666666666711
36.6000000000000
24.3999999999970
12.1999999999974
0
5.84496253053318e-13
0
0
9.22229853960036e-13
1.04898969395253e-12
0
9.04102029856161e-14
2.30445443810366e-12
0
0
0
0
1.22018476775392e-13
0
0
10.5333333333348
21.0666666666676
31.6000000000000
21.5333333333368
11.4666666666693
1.40000000000000
7.23333333332855
13.0666666666616
18.9000000000000
57.7000000000002
96.4999999999991
135.300000000000
119.100000000002
102.900000000006
86.7000000000000
103.733333333333
120.766666666665
137.800000000000
93.4666666666660
49.1333333333324
4.80000000000000
3.19999999999952
1.59999999999036
0
2.43320685366865e-12
3.03594005440715e-12
0
0
0
0
1.64227570835908e-12
4.65291794510284e-12
0
0
0
0
17.0000000000017
34.0000000000024
51
35.7333333333325
20.4666666666627
5.20000000000000
29.9999999999999
54.8000000000022
79.6000000000000
124.833333333361
170.066666666669
215.300000000000
188.033333333329
160.766666666662
133.500000000000
105.266666666670
77.0333333333376
48.8000000000000
32.5333333333327
16.2666666666637
0
0
0
0
4.25417136322849e-13
1.49380870227028e-12
0
1.53386908104846e-12
0
0
0
0
0
0
2.75113211656090e-13
0
0
0
0
0
1.84077891432384e-12
0
11.5666666666648
23.1333333333271
34.7000000000000
69.3666666666677
104.033333333335
138.700000000000
143.199999999999
147.700000000000
152.200000000000
111.300000000001
70.4000000000010
29.5000000000000
29.1666666666674
28.8333333333332
28.5000000000000
18.9999999999992
9.49999999999948
0
5.81777144865014e-13
7.71645524567213e-13
0
1.76666666666689
3.53333333333360
5.30000000000000
3.53333333333209
1.76666666666450
0
0
2.08946478087546e-12
0
2.06666666666650
4.13333333333240
6.20000000000000
5.83333333333093
5.46666666666725
5.10000000000000
30.0333333333369
54.9666666666687
79.9000000000000
117.300000000000
154.700000000001
192.100000000000
182.099999999997
172.099999999997
162.100000000000
113.900000000003
65.6999999999997
17.5000000000000
12.6666666666681
7.83333333333789
3
1.99999999999820
0.999999999996264
0
4.11515235498209e-12
3.16850643479583e-12
0
0
5.22497911958848e-11
0
3.12090688752168e-12
7.06087519212538e-13
0
3.83833920718717e-12
1.73463246050740e-12
0
0
0
0
9.73333333333528
19.4666666666695
29.2000000000000
39.2666666666666
49.3333333333323
59.4000000000000
97.4999999999979
135.600000000000
173.700000000000
184.600000000003
195.500000000001
206.400000000000
143.566666666665
80.7333333333325
17.9000000000000
11.9333333333313
5.96666666666628
0
1.70372621892509e-12
0
0
4.76336326835864e-13
1.72563209725235e-12
0
5.42931571636439e-12
0
0
1.61770318523414e-12
2.93347738648057e-13
0
8.55146353509337e-13
0
0
0
0
0
1.43333333333215
2.86666666666658
4.30000000000000
24.3666666666680
44.4333333333334
64.5000000000000
86.9999999999990
109.499999999998
132
116.600000000003
101.200000000001
85.8000000000000
69.7666666666643
53.7333333333319
37.7000000000000
33.0666666666702
28.4333333333346
23.8000000000000
15.8666666666661
7.93333333333332
0
0
0
0
4.85927711578317e-13
1.42764550965915e-12
0
9.51570118537512e-13
7.21801061602433e-13
0
0
0
0
8.97555133994543e-13
0
0
3.73333333332982
7.46666666666825
11.2000000000000
7.46666666666689
3.73333333333238
0
8.59999999999895
17.1999999999996
25.8000000000000
70.0666666666665
114.333333333332
158.600000000000
143.300000000001
128.000000000002
112.700000000000
75.9000000000009
39.0999999999820
2.30000000000000
1.53333333333262
0.766666666665899
0
1.20910947454666e-12
1.86416338631843e-12
0
0
0
0
1.66473750147279e-12
1.71899561263484e-12
0
0
5.91558258818115e-13
0
0
0
0
2.26433124009307e-12
3.05748711745187e-12
0
12.9999999999982
25.9999999999971
39
59.2666666666663
79.5333333333338
99.8000000000000
82.4666666666678
65.1333333333329
47.8000000000000
50.1000000000000
52.4000000000010
54.7000000000000
36.4666666666659
18.2333333333318
0
0
0
0
7.65757556505544e-13
8.32291881469668e-13
0
0
0
0
2.96640730142532e-13
6.03376549822913e-13
0
2.62800133172486e-13
1.41942909843930e-13
0
3.91569024290418e-13
0
0
0.166666666665308
0.333333333331744
0.500000000000000
2.96666666666763
5.43333333333508
7.90000000000000
12.8666666666664
17.8333333333325
22.8000000000000
27.2000000000012
31.6000000000004
36
40.4999999999979
44.9999999999995
49.5000000000000
35.5666666666682
21.6333333333343
7.70000000000000
5.13333333333161
2.56666666666410
0
1.43601749569622e-12
2.04999489657370e-12
0
0
0
0
0
0
0
7.44994846901137e-13
1.31438156182036e-12
0
0.933333333333718
1.86666666666614
2.80000000000000
1.86666666666666
0.933333333334528
0
36.5666666666652
73.1333333333308
109.700000000000
120.233333333334
130.766666666668
141.300000000000
139.033333333334
136.766666666668
134.500000000000
98.4666666666660
62.4333333333307
26.4000000000000
17.6000000000003
8.79999999999884
0
0
5.48809771624977e-13
0
8.68315980313646e-13
8.75056778511123e-13
0
0
0
0
0
0
0
1.06324879503568e-12
2.25562044666623e-12
0
0
0
0
4.23361673195162e-12
1.99967359023798e-13
0
11.6000000000012
23.2000000000001
34.8000000000000
52.3333333333319
69.8666666666677
87.4000000000000
94.3666666666694
101.333333333332
108.300000000000
105.166666666666
102.033333333335
98.9000000000000
65.9333333333330
32.9666666666630
0
1.54347292530527e-12
2.24373469367430e-12
0
6.13084691404779e-13
2.78251593273971e-14
0
0
0
0
3.88040606770264e-12
1.12906252770077e-12
0
0
5.70621106501278e-14
0
0
0
0
2.06666666666708
4.13333333333334
6.20000000000000
10.8666666666668
15.5333333333330
20.2000000000000
39.5333333333337
58.8666666666667
78.2000000000000
92.8999999999993
107.600000000001
122.300000000000
82.3666666666673
42.4333333333334
2.50000000000000
4.56666666666482
6.63333333333765
8.70000000000000
5.80000000000155
2.90000000000129
0
6.81932764432693e-14
0
0
0
0
0
2.20652345398685e-12
3.30874125939843e-12
0
0
0
0
8.58306485045736e-12
2.77598868944622e-12
0
1.00000000000018
1.99999999999908
3
32.7000000000004
62.3999999999988
92.1000000000000
122.666666666667
153.233333333334
183.800000000000
189.133333333332
194.466666666666
199.800000000000
143.766666666667
87.7333333333334
31.7000000000000
21.1333333333324
10.5666666666668
0
3.56636207105138e-13
0
0
7.16146875154862e-13
1.29090174540181e-12
0
0
7.68516062872697e-13
0
1.83382136779745e-12
2.90599832713201e-12
0
0
0
0
1.66582146821032e-12
1.14462228167250e-12
0
0
0
0
17.1333333333346
34.2666666666688
51.4000000000000
51.0999999999997
50.7999999999987
50.5000000000000
84.8333333333358
119.166666666668
153.500000000000
128.466666666664
103.433333333331
78.4000000000000
69.1333333333358
59.8666666666681
50.6000000000000
33.7333333333316
16.8666666666633
0
1.30486411954580e-12
2.20669247235560e-12
0
0
0
0
0
0
0
1.92651618743266e-12
1.45397315232858e-12
0
0
0
0
0.100000000000426
0.199999999979439
0.300000000000000
11.6999999999996
23.0999999999992
34.5000000000000
117.800000000002
201.100000000002
284.400000000000
214.833333333331
145.266666666666
75.7000000000000
57.7333333333333
39.7666666666664
21.8000000000000
17.0333333333336
12.2666666666669
7.50000000000000
5.00000000000016
2.49999999999984
0
0
1.10367311749577e-13
0
1.79899869801888e-12
1.10845337886090e-12
0
0
0
0
8.36235014708661e-13
0
0
7.13333333333170
14.2666666666665
21.4000000000000
20.5666666666669
19.7333333333332
18.9000000000000
18.7000000000009
18.4999999999995
18.3000000000000
123.966666666667
229.633333333336
335.300000000000
232.066666666666
128.833333333334
25.6000000000000
17.8999999999997
10.1999999999991
2.50000000000000
1.66666666666615
0.833333333333822
0
0
0
0
5.10874308331270e-12
2.59247578829931e-12
0
0
0
0
2.33838643271138e-12
3.34013959251426e-12
0
0
0
0
0.0666666666674173
0.133333333334042
0.200000000000000
0.733333333335251
1.26666666666970
1.80000000000000
6.19999999999748
10.5999999999952
15
59.0333333333355
103.066666666683
147.100000000000
137.366666666668
127.633333333336
117.900000000000
88.8666666666644
59.8333333333283
30.8000000000000
28.2666666666681
25.7333333333356
23.2000000000000
15.4666666666658
7.73333333333136
0
0
3.21832821918451e-12
0
1.90346007063566e-13
0
0
0
0
0
0
0
0
2.40000000000102
4.80000000000409
7.20000000000000
11.0333333333333
14.8666666666653
18.7000000000000
28.0999999999994
37.4999999999996
46.9000000000000
57.4000000000001
67.9000000000001
78.4000000000000
128.099999999999
177.799999999998
227.500000000000
160.100000000002
92.7000000000018
25.3000000000000
18.2666666666659
11.2333333333328
4.20000000000000
2.79999999999996
1.40000000000014
0
7.26134461987123e-13
1.70921438932606e-12
0
0
0
0
0
0
0
1.25864169180385e-12
1.75107916443859e-12
0
0
0
0
0
0
0
0.700000000000789
1.40000000000112
2.10000000000000
58.9666666666667
115.833333333333
172.700000000000
186.633333333333
200.566666666667
214.500000000000
203.999999999999
193.500000000000
183
125.900000000000
68.8000000000004
11.7000000000000
7.79999999999977
3.89999999999994
0
3.31311659866145e-13
0
0
0
1.20059110430566e-13
0
9.95786642449424e-13
1.09182096675716e-12
0
0
0
0
1.73333333333296
3.46666666666617
5.20000000000000
8.80000000000013
12.4000000000001
16
25.7666666666662
35.5333333333261
45.3000000000000
102.733333333335
160.166666666667
217.600000000000
193.933333333333
170.266666666667
146.600000000000
130.900000000001
115.200000000000
99.5000000000000
71.3333333333336
43.1666666666670
15
10.0000000000004
5.00000000000005
0
0
0
0
5.27531002768679e-13
4.64235880140324e-14
0
0
0
0
5.45234954829013e-13
1.24140233278579e-13
0
0
1.31324951942316e-13
0
5.13333333333360
10.2666666666668
15.4000000000000
18.3333333333327
21.2666666666660
24.2000000000000
43.4666666666667
62.7333333333343
82
83.6666666666664
85.3333333333334
87
73.4000000000004
59.8000000000001
46.2000000000000
37.0333333333331
27.8666666666664
18.7000000000000
12.4666666666575
6.23333333333259
0
3.31027428517422e-13
4.10185343809704e-13
0
0
0
0
0
0
0
5.48118041563645e-13
7.29092445820283e-13
0
1.29999999999994
2.59999999999957
3.90000000000000
3.63333333333292
3.36666666666651
3.10000000000000
10.0666666666667
17.0333333333335
24
96.6000000000005
169.200000000000
241.800000000000
202.399999999999
163.000000000001
123.600000000000
105.900000000000
88.2000000000000
70.5000000000000
49.1333333333332
27.7666666666663
6.40000000000000
4.26666666666614
2.13333333331836
0
3.06343348216449e-13
4.76811722080847e-13
0
3.60704148726365e-15
0
0
1.51436419761986e-13
5.95986740227424e-14
0
0
0
0
0.666666666666576
1.33333333333303
2
5.96666666666692
9.93333333333407
13.9000000000000
14.8333333333329
15.7666666666662
16.7000000000000
72.2999999999996
127.899999999999
183.500000000000
166.266666666667
149.033333333334
131.800000000000
113.566666666667
95.3333333333337
77.1000000000000
55.2333333333333
33.3666666666664
11.5000000000000
7.66666666666680
3.83333333333327
0
0
1.24008338257653e-13
0
1.41179787056536e-14
0
0
1.48011805270606e-13
3.38604311727440e-14
0
3.14500085222183e-14
6.70787086906500e-15
0
0
0
0
7.79999999999996
15.5999999999997
23.4000000000000
17.0666666666663
10.7333333333331
4.40000000000000
53.0999999999995
101.800000000000
150.500000000000
155.700000000000
160.900000000001
166.100000000000
145.000000000000
123.900000000001
102.800000000000
75.4000000000005
48.0000000000004
20.6000000000000
13.7333333333334
6.86666666666661
0
1.48935338133945e-13
7.17352350127049e-14
0
0
