      -0.450772  
    -3.83315E-3  
      -0.378757  
      -0.250567  
        1.33656  
        1.98854  
        1.67248  
        2.06223  
        1.78337  
       0.888018  
       0.476461  
        1.64401  
         1.4057  
       0.532766  
      -0.471863  
      -0.560467  
     6.72212E-2  
       0.930098  
        2.72045  
        2.70927  
        2.99123  
        2.05305  
       0.454971  
      -0.534216  
       0.136444  
         1.4162  
         3.0584  
        5.23605  
        5.24618  
        1.66854  
       -1.04832  
       -3.52568  
       -3.28661  
       -3.65067  
       -4.40344  
       -5.10668  
       -4.40026  
       -2.78732  
       -1.30145  
          0.129  
       0.386219  
      -0.670465  
      -0.163207  
       -1.38196  
       -1.46422  
       -1.15743  
       0.385702  
        1.11565  
        2.06956  
      -0.457732  
      -0.516938  
       -1.02992  
       0.170691  
       0.166502  
        1.95227  
        3.14928  
        4.07826  
        4.38766  
        4.17204  
        2.70803  
        1.57838  
        1.20526  
      -0.254371  
        -2.8787  
       -4.22051  
       -3.64204  
       -3.27478  
       -1.31293  
       0.654127  
        3.68975  
        6.18028  
        6.21801  
        3.76584  
       0.191732  
       -3.63117  
       -4.88029  
       -4.04141  
       -2.02779  
       0.815474  
         3.2596  
        4.65575  
        4.05978  
        2.59403  
        2.28974  
        1.74568  
        1.21798  
       0.748785  
      -0.304576  
      -0.477875  
     -5.4831E-2  
       0.249843  
     8.74615E-2  
      -0.188939  
       0.139042  
       0.595363  
      -0.170109  
       0.672189  
        1.22922  
        2.36239  
        3.83336  
