       0.537256  
        1.10342  
       0.992676  
        1.97674  
        2.46866  
        2.25769  
       0.987432  
        1.62096  
        3.50197  
        4.36885  
        6.18207  
        4.85447  
        4.14674  
        2.54074  
        0.61036  
       0.270288  
       0.152639  
       0.678857  
       0.823696  
       0.830583  
      -0.280007  
       -1.88604  
       -2.45876  
       -2.88431  
       -4.29826  
       -3.30616  
       -1.89283  
      -0.143384  
        1.11759  
        1.99717  
        2.24495  
        2.22981  
         2.5003  
        2.13111  
       0.154505  
       -1.75793  
       -2.27271  
       -2.58973  
      -0.980675  
        1.79994  
         3.4883  
        4.70007  
        3.69906  
       0.587293  
        -1.3834  
       -1.13282  
       -1.36752  
        -1.0945  
       0.677694  
        1.53057  
        2.51445  
        2.81737  
       0.904343  
      -0.946733  
       -3.31373  
       -2.91985  
       -1.63357  
     3.58939E-2  
       0.538103  
      4.2955E-2  
       0.627694  
        1.72868  
        3.19909  
        4.53085  
         3.4937  
        3.48714  
        3.68952  
        3.92173  
        1.91841  
       0.492305  
       0.789777  
      -0.764244  
       -1.16134  
      -0.392047  
     6.51416E-2  
        1.40975  
        2.08042  
        1.44346  
        1.16886  
    -2.81623E-2  
    -8.55042E-2  
       0.435964  
      -0.760819  
       -2.03359  
       -1.90166  
      -0.352387  
        7.83E-2  
      -0.517572  
      -0.298346  
       0.136585  
       0.213443  
       -1.05508  
        1.31627  
        3.17763  
         2.2934  
        2.13081  
        2.32889  
       0.769155  
        2.57448  
        3.42546  
