      -0.450772  
       0.628194  
      -0.661877  
       0.278035  
        1.44547  
    -4.58086E-2  
      -0.260258  
       0.989913  
       -3.77E-2  
      -0.292611  
       0.372725  
         1.5443  
      -0.594428  
      -0.386006  
      -0.319203  
       0.442103  
        0.55106  
       0.477148  
        1.45938  
      -0.509803  
       0.933648  
      -0.407022  
      -0.509224  
       0.141822  
        1.17665  
       0.882995  
        1.16006  
        1.85424  
      -0.137909  
       -2.33606  
    -3.02253E-2  
      -0.987962  
       0.985812  
       -1.29894  
       -1.38827  
       -1.26904  
    -5.83894E-2  
       0.114009  
      -0.209512  
       0.169876  
       -0.62758  
       -1.12942  
        1.02403  
       -1.58223  
        0.36897  
      1.1102E-2  
        1.07143  
      -0.165903  
       0.752161  
       -2.64545  
        1.44937  
      -0.598071  
         1.2839  
      -0.731974  
        1.82806  
        0.51856  
       0.912107  
       0.685079  
       0.630179  
      -0.333485  
       0.451559  
       0.725349  
      -0.934097  
       -1.75068  
      -0.347089  
       0.433175  
       -0.86941  
       0.947743  
       0.399121  
        1.93233  
        1.42553  
    -8.59219E-2  
      -0.997053  
       -1.10883  
       -1.48986  
       0.333684  
       0.477291  
       0.515287  
        1.07214  
       0.818439  
       0.607365  
      -0.381906  
      -0.118501  
        1.25091  
       0.195418  
       0.235795  
       0.158287  
      -0.574938  
       0.428394  
       0.420269  
     2.08811E-2  
      -0.297935  
       -0.15167  
        0.45993  
       0.279491  
      -0.915881  
        1.29173  
       0.177874  
         1.0691  
        1.30776  
