       0.537256  
       0.350135  
      -0.210588  
         1.2911  
       0.332392  
     6.14862E-2  
      -0.598126  
         1.6814  
        1.86118  
       0.496151  
        2.29776  
       -1.01734  
        1.29681  
      -0.166548  
      -0.298095  
        1.04058  
       0.164299  
       0.637826  
      -3.044E-2  
       0.110147  
      -0.917402  
      -0.961874  
     6.46197E-3  
      -0.643951  
       -1.82778  
       0.874482  
    -8.16013E-3  
       0.394619  
       0.107217  
       0.338424  
       0.159984  
       0.360345  
       0.810663  
     5.25061E-2  
       -1.23333  
      -0.610654  
        0.29097  
       -0.52824  
        1.19585  
        1.51752  
       0.336976  
       0.961078  
      -0.658386  
       -1.59112  
       0.160557  
        1.18272  
      -0.664573  
     9.78973E-2  
        1.33708  
      -0.120102  
       0.802162  
       0.271419  
       -1.43664  
      -0.411598  
       -1.40753  
        1.12042  
       0.339562  
       0.457618  
      -0.557707  
      -0.688547  
       0.911853  
        0.87608  
        1.17704  
        1.15176  
      -0.811579  
        1.48836  
        1.03618  
       0.980425  
       -1.21896  
       0.312412  
         1.3273  
       -1.55652  
       0.415669  
       0.747145  
      -0.128424  
         1.0675  
         0.1455  
      -0.571256  
       0.476454  
      -0.743208  
       0.702053  
       0.537825  
       -1.42681  
      -0.687833  
       0.462723  
        1.01242  
      -0.644677  
      -0.852884  
       0.477453  
        0.22365  
      -0.169005  
       -1.26694  
         2.9322  
       0.656839  
       -1.31954  
       0.948918  
       0.809054  
       -1.13246  
        2.98654  
       0.308039  
