             1. 
       0.854938 
        0.55871 
       0.236206 
    -2.63894E-2 
      -0.188173 
      -0.246948 
      -0.225814 
      -0.158568 
    -7.78073E-2 
    -7.60984E-3 
     3.91268E-2 
     5.97301E-2 
     5.87064E-2 
      4.4085E-2 
     2.42394E-2 
     5.77173E-3 
    -7.42069E-3 
    -1.40985E-2 
    -1.50182E-2 
     -1.2034E-2 
    -7.26124E-3 
     -2.4792E-3 
     1.17109E-3 
     3.22868E-3 
     3.77743E-3 
     3.22998E-3 
     2.11121E-3 
      8.9293E-4 
    -9.91941E-5 
    -7.10556E-4 
    -9.32786E-4 
    -8.53103E-4 
    -5.99154E-4 
    -2.94086E-4 
    -2.88809E-5 
     1.47722E-4 
     2.25605E-4 
     2.21778E-4 
     1.66568E-4 
     9.16072E-5 
     2.18389E-5 
    -2.80083E-5 
    -5.32473E-5 
    -5.67327E-5 
    -4.54666E-5 
    -2.74398E-5 
    -9.37481E-6 
     4.41711E-6 
     1.21931E-5 
      1.4269E-5 
