2.1(-1)
 2.2(-1)
 2.3(0)
 2.4(+1)
 2.6(0)
 2.8(0)
 2.9(0)
 2.10(+1)
 2.11(0)
 2.12(0)
 2.13(+1)
 2.14(0)
 2.15(0)
 2.16(+1)
 2.18(0)
5.1(0)
 5.2(0)
 4.1(-1)
 4.2(0)
 5.3(+1)
 4.3(0)
 4.4(0)
 4.5(0)
 4.6(0)
 4.7(0)
 X1(0)
 X2(0)
 X3(-1)
 4.9(+1)
4.10(0)
 4.11(0)
 X4(0)
 X5(+1)
 X6(0)
 X7(+1)
 9.1(+1)
 9.2(+1)
 9.3(0)
 X8(0)
 X9(0)
 9.4(+1)
 9.5(0)
 X10(0)
X11(-1)
 X12(0)
 6.1(0)
 6.2(0)
 6.3(0)
 6.4(+1)
  X13(0)
 X14(+1)
 6.7(-1)
 6.8(-1)
 X15(0)
 X16(0)
 X17(+1)
 6.9(0)
 6.10(0)
 X18(+1)
7.1(0)
 7.2(-1)
 X19(0)
 X20(0)
 X21(0)
 7.4(+1)
 7.5(+1)
 7.6(0)
 X22(-1)
 X23(0)
 7.7(0)
 7.8(-1)
 X24(0)
 X25(0)
 7.9(+1)
 7.10(+1)
 7.13(+1)
X26(0)
 X27(0)
 X28(+1)
 X29(0)
 8.9(0)
 X30(+1)
 8.2(0)
 8.3(0)
 8.4(+1)
 8.5(0)
 X31(0)
 8.7(+1)
 X32(+1).       
